kinetic: 0.001050 
kinetic2: 0.001050 
0.9940535183349851 3.0821605550049553
0.9768289045895129 3.1293521539211624
0.9487836164974783 3.1418788279828744
0.9102473927289938 3.119664968887777
0.8614408090714685 3.062251797803823
0.8024859509348788 2.9687635169260598
0.7334109389770758 2.8378361464105315
0.6541492110507974 2.6674926324313177
0.5645342089149004 2.4549304897216104
0.4642911225097082 2.1961511156944713
0.35303292781178164 1.8852689957956872
0.23029426233132338 1.5130787827464973
0.0957819420167486 1.0635333323390581
-0.04880294228643877 0.5021452180802811
-0.17039882848145735 -0.29578223023584754
-0.12036027115433977 -0.7957826391311013
-0.04806918909783389 -1.1486566525251747
0.02858543686129914 -1.3972598465772135
0.10348386416918226 -1.5600198236824172
0.1733040237048114 -1.646224886083895
0.2355419569515195 -1.6604059449919393
0.287747653744468 -1.6038667582801518
0.3269851200771853 -1.475044397480865
0.34910517200969843 -1.26900462016911
0.3471934204449758 -0.9756087332545413
0.3068187489843079 -0.5741325707723623
0.18126364448456883 -0.013263081897583587
-0.54867982198301 0.5918295735449858
-1.1815699688528878 1.0922363585630885
-1.7622309796442808 1.5443628361046542
-2.3062425096124075 1.964370881499823
-2.821593776373393 2.3599671895058956
-3.31317985363299 2.735686409624514
-3.7843237571110384 3.0945265650777953
-4.237437126233132 3.4386227474652937
-4.67435441957762 3.769576034057649
-5.096520591759195 4.088633459142734
-5.505104841244835 4.3967949204866175
-5.9010736843385985 4.6948807599589415
-6.285240107887054 4.983576621368241
-6.658297886179714 5.26346442073988
-7.020846289532951 5.535044433042894
-7.3734083417977425 5.798751477512824
-7.716444612603693 6.054967055791225
-8.050363837126143 6.304028637940043
-8.37553123030155 6.546236890654016
-8.692275092010748 6.781861389941795
-9.000892123075513 7.011145197248861
-9.301651753540286 7.234308569411697
-9.59479970360946 7.451551998947941
-9.880560940926397 7.663058729868798
-10.159142157545386 7.8689968578916005
-10.43073386077768 8.069521097809961
-10.695512150684085 8.264774281701467
-10.953640241061748 8.454888637525743
-11.205269768780418 8.639986887071505
-11.450541927189462 8.820183194173678
-11.689588452287124 8.995583987958202
-11.922532484880424 9.166288681098727
-12.149489327680255 9.332390299338424
-12.370567112888983 9.493976035588954
-12.585867393138367 9.651127739581387
-12.795485666468663 9.803922352172776
-12.99951184428816 9.952432291903527
-13.198030669827553 10.096725800176547
-13.391122093437328 10.23686725042958
-13.578861610116379 10.372917425851107
-13.76132056386562 10.504933769512238
-13.938566422799548 10.632970610224149
-14.110663028396214 10.757079366961074
-14.277670821802287 10.877308734295273
-14.439647049718555 10.993704850959073
-14.596645952059916 11.106311453368871
-14.748718933302055 11.215170015708205
-14.895914719186539 11.32031987796428
-15.038279500249985 11.421798363138977
-15.175857063465758 11.519640884706561
-15.308688913133938 11.613881045262088
-15.436814382022936 11.70455072719379
-15.560270733651413 11.791680176116627
-15.679093256499145 11.875298077720737
-15.793315350848186 11.95543162861569
-15.902968608879165 12.032106601687717
-16.008082888580468 12.105347406431266
-16.108686381968827 12.175177144667074
-16.204805678067636 12.241617662015635
-16.296465821043032 12.304689595456576
-16.38369036385672 12.364412417270572
-16.466501417757943 12.420804475630133
-16.544919697904373 12.473883032078767
-16.618964565372384 12.523664296113916
-16.68865406579107 12.570163457067519
-16.754004964810633 12.613394713458716
-16.815032780594453 12.65337129997569
-16.87175181350484 12.690105512227925
-16.924175173134838 12.72360872939579
-16.97231480282248 12.753891434891367
-17.016181501769093 12.78096323513253
-17.05578494486982 12.804832876521393
-17.091133700351982 12.82550826070816
